[[ 0.9857151  -0.00685336 -0.1682815 ]
 [-0.00408505  0.99790514 -0.06456853]
 [ 0.16837144  0.06433363  0.98362213]]
 
[[ 0.9999664  -0.00805424  0.00153651]
 [ 0.00812836  0.99836266 -0.05662337]
 [-0.00107794  0.05663396  0.99839455]]
 
[[ 0.98587394  0.01577335  0.16674496]
 [-0.00416016  0.99755484 -0.06976769]
 [-0.16743767  0.06808847  0.98352873]]
 
tensor([[[ 9.1933e-01,  4.1541e-02,  3.8286e+02],
         [-2.8399e-02,  9.8241e-01,  2.0938e+01],
         [-1.1951e-04,  5.3265e-06,  1.0000e+00]]], device='cuda:0')
         
[[ 0.91933     0.041531    382.86    ]
 [-0.028399    0.98241     20.938    ]
 [-0.00011951  0.000005326 1.0	            
         
         
         
tensor([[[ 8.0107e-01,  1.4512e-01,  7.4731e+02],
         [-1.0045e-01,  1.0220e+00, -1.2477e+01],
         [-2.8554e-04,  4.5455e-05,  1.0000e+00]]], device='cuda:0')
         
         
[[1.37722473e+03 0.00000000e+00 3.20000000e+02]
 [0.00000000e+00 1.37722473e+03 2.56000000e+02]
 [0.00000000e+00 0.00000000e+00 1.00000000e+00]]
 
[[1.37806684e+03 0.00000000e+00 3.20000000e+02]
 [0.00000000e+00 1.37806684e+03 2.56000000e+02]
 [0.00000000e+00 0.00000000e+00 1.00000000e+00]]
 
[[1.3613112e+03 0.0000000e+00 3.2000000e+02]
 [0.0000000e+00 1.3613112e+03 2.5600000e+02]
 [0.0000000e+00 0.0000000e+00 1.0000000e+00]]
